															
1:	2	,	3	,	4	,	5	,	6	,	7	,	8	
2:	3	,	4	,	5	,	6	,	7	,	8	,	9	
3:	4	,	5	,	6	,	7	,	8	,	9	,	10	
4:	5	,	6	,	7	,	8	,	9	,	10	,	11	
5:	6	,	7	,	8	,	9	,	10	,	11	,	12	
6:	7	,	8	,	9	,	10	,	11	,	12	,	13	
7:	8	,	9	,	10	,	11	,	12	,	13	,	14	
8:	9	,	10	,	11	,	12	,	13	,	14	,	15	
9:	10	,	11	,	12	,	13	,	14	,	15	,	16	
10:	11	,	12	,	13	,	14	,	15	,	16	,	17	
11:	12	,	13	,	14	,	15	,	16	,	17	,	18	
12:	13	,	14	,	15	,	16	,	17	,	18	,	19	
13:	14	,	15	,	16	,	17	,	18	,	19	,	20	
14:	15	,	16	,	17	,	18	,	19	,	20	,	21	
15:	16	,	17	,	18	,	19	,	20	,	21	,	22	
16:	17	,	18	,	19	,	20	,	21	,	22	,	23	
17:	18	,	19	,	20	,	21	,	22	,	23	,	24	
18:	19	,	20	,	21	,	22	,	23	,	24	,	25	
19:	20	,	21	,	22	,	23	,	24	,	25	,	26	
20:	21	,	22	,	23	,	24	,	25	,	26	,	27	
21:	22	,	23	,	24	,	25	,	26	,	27	,	28	
22:	23	,	24	,	25	,	26	,	27	,	28	,	29	
23:	24	,	25	,	26	,	27	,	28	,	29	,	30	
24:	25	,	26	,	27	,	28	,	29	,	30	,	31	
25:	26	,	27	,	28	,	29	,	30	,	31	,	32	
26:	27	,	28	,	29	,	30	,	31	,	32	,	33	
27:	28	,	29	,	30	,	31	,	32	,	33	,	34	
28:	29	,	30	,	31	,	32	,	33	,	34	,	35	
29:	30	,	31	,	32	,	33	,	34	,	35	,	36	
30:	31	,	32	,	33	,	34	,	35	,	36	,	37	
31:	32	,	33	,	34	,	35	,	36	,	37	,	38	
32:	33	,	34	,	35	,	36	,	37	,	38	,	39	
33:	34	,	35	,	36	,	37	,	38	,	39	,	40	
34:	35	,	36	,	37	,	38	,	39	,	40	,	41	
35:	36	,	37	,	38	,	39	,	40	,	41	,	42	
36:	37	,	38	,	39	,	40	,	41	,	42	,	43	
37:	38	,	39	,	40	,	41	,	42	,	43	,	44	
38:	39	,	40	,	41	,	42	,	43	,	44	,	45	
39:	40	,	41	,	42	,	43	,	44	,	45	,	46	
40:	41	,	42	,	43	,	44	,	45	,	46	,	47	
41:	42	,	43	,	44	,	45	,	46	,	47	,	48	
42:	43	,	44	,	45	,	46	,	47	,	48	,	49	
43:	44	,	45	,	46	,	47	,	48	,	49	,	50	
44:	45	,	46	,	47	,	48	,	49	,	50	,	51	
45:	46	,	47	,	48	,	49	,	50	,	51	,	52	
46:	47	,	48	,	49	,	50	,	51	,	52	,	53	
47:	48	,	49	,	50	,	51	,	52	,	53	,	54	
48:	49	,	50	,	51	,	52	,	53	,	54	,	55	
49:	50	,	51	,	52	,	53	,	54	,	55	,	56	
50:	51	,	52	,	53	,	54	,	55	,	56	,	57	
51:	52	,	53	,	54	,	55	,	56	,	57	,	58	
52:	53	,	54	,	55	,	56	,	57	,	58	,	59	
53:	54	,	55	,	56	,	57	,	58	,	59	,	60	
54:	55	,	56	,	57	,	58	,	59	,	60	,	61	
55:	56	,	57	,	58	,	59	,	60	,	61	,	62	
56:	57	,	58	,	59	,	60	,	61	,	62	,	63	
57:	58	,	59	,	60	,	61	,	62	,	63	,	64	
58:	59	,	60	,	61	,	62	,	63	,	64	,	65	
59:	60	,	61	,	62	,	63	,	64	,	65	,	66	
60:	61	,	62	,	63	,	64	,	65	,	66	,	67	
61:	62	,	63	,	64	,	65	,	66	,	67	,	68	
62:	63	,	64	,	65	,	66	,	67	,	68	,	69	
63:	64	,	65	,	66	,	67	,	68	,	69	,	70	
64:	65	,	66	,	67	,	68	,	69	,	70	,	71	
65:	66	,	67	,	68	,	69	,	70	,	71	,	72	
66:	67	,	68	,	69	,	70	,	71	,	72	,	73	
67:	68	,	69	,	70	,	71	,	72	,	73	,	74	
68:	69	,	70	,	71	,	72	,	73	,	74	,	75	
69:	70	,	71	,	72	,	73	,	74	,	75	,	76	
70:	71	,	72	,	73	,	74	,	75	,	76	,	77	
71:	72	,	73	,	74	,	75	,	76	,	77	,	78	
72:	73	,	74	,	75	,	76	,	77	,	78	,	79	
73:	74	,	75	,	76	,	77	,	78	,	79	,	80	
74:	75	,	76	,	77	,	78	,	79	,	80	,	81	
75:	76	,	77	,	78	,	79	,	80	,	81	,	82	
76:	77	,	78	,	79	,	80	,	81	,	82	,	83	
77:	78	,	79	,	80	,	81	,	82	,	83	,	84	
78:	79	,	80	,	81	,	82	,	83	,	84	,	85	
79:	80	,	81	,	82	,	83	,	84	,	85	,	86	
80:	81	,	82	,	83	,	84	,	85	,	86	,	87	
81:	82	,	83	,	84	,	85	,	86	,	87	,	88	
82:	83	,	84	,	85	,	86	,	87	,	88	,	89	
83:	84	,	85	,	86	,	87	,	88	,	89	,	90	
84:	85	,	86	,	87	,	88	,	89	,	90	,	91	
85:	86	,	87	,	88	,	89	,	90	,	91	,	92	
86:	87	,	88	,	89	,	90	,	91	,	92	,	93	
87:	88	,	89	,	90	,	91	,	92	,	93	,	94	
88:	89	,	90	,	91	,	92	,	93	,	94	,	95	
89:	90	,	91	,	92	,	93	,	94	,	95	,	96	
90:	91	,	92	,	93	,	94	,	95	,	96	,	97	
91:	92	,	93	,	94	,	95	,	96	,	97	,	98	
92:	93	,	94	,	95	,	96	,	97	,	98	,	99	
93:	94	,	95	,	96	,	97	,	98	,	99	,	100	
94:	95	,	96	,	97	,	98	,	99	,	100	,	101	
95:	96	,	97	,	98	,	99	,	100	,	101	,	102	
96:	97	,	98	,	99	,	100	,	101	,	102	,	103	
97:	98	,	99	,	100	,	101	,	102	,	103	,	104	
98:	99	,	100	,	101	,	102	,	103	,	104	,	105	
99:	100	,	101	,	102	,	103	,	104	,	105	,	106	
100:	101	,	102	,	103	,	104	,	105	,	106	,	107	
101:	102	,	103	,	104	,	105	,	106	,	107	,	108	
102:	103	,	104	,	105	,	106	,	107	,	108	,	109	
103:	104	,	105	,	106	,	107	,	108	,	109	,	110	
104:	105	,	106	,	107	,	108	,	109	,	110	,	111	
105:	106	,	107	,	108	,	109	,	110	,	111	,	112	
106:	107	,	108	,	109	,	110	,	111	,	112	,	113	
107:	108	,	109	,	110	,	111	,	112	,	113	,	114	
108:	109	,	110	,	111	,	112	,	113	,	114	,	115	
109:	110	,	111	,	112	,	113	,	114	,	115	,	116	
110:	111	,	112	,	113	,	114	,	115	,	116	,	117	
111:	112	,	113	,	114	,	115	,	116	,	117	,	118	
112:	113	,	114	,	115	,	116	,	117	,	118	,	119	
113:	114	,	115	,	116	,	117	,	118	,	119	,	120	
114:	115	,	116	,	117	,	118	,	119	,	120	,	121	
115:	116	,	117	,	118	,	119	,	120	,	121	,	122	
116:	117	,	118	,	119	,	120	,	121	,	122	,	123	
117:	118	,	119	,	120	,	121	,	122	,	123	,	124	
118:	119	,	120	,	121	,	122	,	123	,	124	,	125	
119:	120	,	121	,	122	,	123	,	124	,	125	,	126	
120:	121	,	122	,	123	,	124	,	125	,	126	,	127	
121:	122	,	123	,	124	,	125	,	126	,	127	,	128	
122:	123	,	124	,	125	,	126	,	127	,	128	,	129	
123:	124	,	125	,	126	,	127	,	128	,	129	,	130	
124:	125	,	126	,	127	,	128	,	129	,	130	,	131	
125:	126	,	127	,	128	,	129	,	130	,	131	,	132	
126:	127	,	128	,	129	,	130	,	131	,	132	,	133	
127:	128	,	129	,	130	,	131	,	132	,	133	,	134	
128:	129	,	130	,	131	,	132	,	133	,	134	,	135	
129:	130	,	131	,	132	,	133	,	134	,	135	,	136	
130:	131	,	132	,	133	,	134	,	135	,	136	,	137	
131:	132	,	133	,	134	,	135	,	136	,	137	,	138	
132:	133	,	134	,	135	,	136	,	137	,	138	,	139	
133:	134	,	135	,	136	,	137	,	138	,	139	,	140	
134:	135	,	136	,	137	,	138	,	139	,	140	,	141	
135:	136	,	137	,	138	,	139	,	140	,	141	,	142	
136:	137	,	138	,	139	,	140	,	141	,	142	,	143	
137:	138	,	139	,	140	,	141	,	142	,	143	,	144	
138:	139	,	140	,	141	,	142	,	143	,	144	,	145	
139:	140	,	141	,	142	,	143	,	144	,	145	,	146	
140:	141	,	142	,	143	,	144	,	145	,	146	,	147	
141:	142	,	143	,	144	,	145	,	146	,	147	,	148	
142:	143	,	144	,	145	,	146	,	147	,	148	,	149	
143:	144	,	145	,	146	,	147	,	148	,	149	,	150	
144:	145	,	146	,	147	,	148	,	149	,	150	,	151	
145:	146	,	147	,	148	,	149	,	150	,	151	,	152	
146:	147	,	148	,	149	,	150	,	151	,	152	,	153	
147:	148	,	149	,	150	,	151	,	152	,	153	,	154	
148:	149	,	150	,	151	,	152	,	153	,	154	,	155	
149:	150	,	151	,	152	,	153	,	154	,	155	,	156	
150:	151	,	152	,	153	,	154	,	155	,	156	,	157	
151:	152	,	153	,	154	,	155	,	156	,	157	,	158	
152:	153	,	154	,	155	,	156	,	157	,	158	,	159	
153:	154	,	155	,	156	,	157	,	158	,	159	,	160	
154:	155	,	156	,	157	,	158	,	159	,	160	,	161	
155:	156	,	157	,	158	,	159	,	160	,	161	,	162	
156:	157	,	158	,	159	,	160	,	161	,	162	,	163	
157:	158	,	159	,	160	,	161	,	162	,	163	,	164	
158:	159	,	160	,	161	,	162	,	163	,	164	,	165	
159:	160	,	161	,	162	,	163	,	164	,	165	,	166	
160:	161	,	162	,	163	,	164	,	165	,	166	,	167	
161:	162	,	163	,	164	,	165	,	166	,	167	,	168	
162:	163	,	164	,	165	,	166	,	167	,	168	,	169	
163:	164	,	165	,	166	,	167	,	168	,	169	,	170	
164:	165	,	166	,	167	,	168	,	169	,	170	,	171	
165:	166	,	167	,	168	,	169	,	170	,	171	,	172	
166:	167	,	168	,	169	,	170	,	171	,	172	,	173	
167:	168	,	169	,	170	,	171	,	172	,	173	,	174	
168:	169	,	170	,	171	,	172	,	173	,	174	,	175	
169:	170	,	171	,	172	,	173	,	174	,	175	,	176	
170:	171	,	172	,	173	,	174	,	175	,	176	,	177	
171:	172	,	173	,	174	,	175	,	176	,	177	,	178	
172:	173	,	174	,	175	,	176	,	177	,	178	,	179	
173:	174	,	175	,	176	,	177	,	178	,	179	,	180	
174:	175	,	176	,	177	,	178	,	179	,	180	,	181	
175:	176	,	177	,	178	,	179	,	180	,	181	,	182	
176:	177	,	178	,	179	,	180	,	181	,	182	,	183	
177:	178	,	179	,	180	,	181	,	182	,	183	,	184	
178:	179	,	180	,	181	,	182	,	183	,	184	,	185	
179:	180	,	181	,	182	,	183	,	184	,	185	,	186	
180:	181	,	182	,	183	,	184	,	185	,	186	,	187	
181:	182	,	183	,	184	,	185	,	186	,	187	,	188	
182:	183	,	184	,	185	,	186	,	187	,	188	,	189	
183:	184	,	185	,	186	,	187	,	188	,	189	,	190	
184:	185	,	186	,	187	,	188	,	189	,	190	,	191	
185:	186	,	187	,	188	,	189	,	190	,	191	,	192	
186:	187	,	188	,	189	,	190	,	191	,	192	,	193	
187:	188	,	189	,	190	,	191	,	192	,	193	,	194	
188:	189	,	190	,	191	,	192	,	193	,	194	,	195	
189:	190	,	191	,	192	,	193	,	194	,	195	,	196	
190:	191	,	192	,	193	,	194	,	195	,	196	,	197	
191:	192	,	193	,	194	,	195	,	196	,	197	,	198	
192:	193	,	194	,	195	,	196	,	197	,	198	,	199	
193:	194	,	195	,	196	,	197	,	198	,	199	,	200	
194:	195	,	196	,	197	,	198	,	199	,	200	,	201	
195:	196	,	197	,	198	,	199	,	200	,	201	,	202	
196:	197	,	198	,	199	,	200	,	201	,	202	,	203	
197:	198	,	199	,	200	,	201	,	202	,	203	,	204	
198:	199	,	200	,	201	,	202	,	203	,	204	,	205	
199:	200	,	201	,	202	,	203	,	204	,	205	,	206	
200:	201	,	202	,	203	,	204	,	205	,	206	,	207	
201:	202	,	203	,	204	,	205	,	206	,	207	,	208	
202:	203	,	204	,	205	,	206	,	207	,	208	,	209	
203:	204	,	205	,	206	,	207	,	208	,	209	,	210	
204:	205	,	206	,	207	,	208	,	209	,	210	,	211	
205:	206	,	207	,	208	,	209	,	210	,	211	,	212	
206:	207	,	208	,	209	,	210	,	211	,	212	,	213	
207:	208	,	209	,	210	,	211	,	212	,	213	,	214	
208:	209	,	210	,	211	,	212	,	213	,	214	,	215	
209:	210	,	211	,	212	,	213	,	214	,	215	,	216	
210:	211	,	212	,	213	,	214	,	215	,	216	,	217	
211:	212	,	213	,	214	,	215	,	216	,	217	,	218	
212:	213	,	214	,	215	,	216	,	217	,	218	,	219	
213:	214	,	215	,	216	,	217	,	218	,	219	,	220	
214:	215	,	216	,	217	,	218	,	219	,	220	,	221	
215:	216	,	217	,	218	,	219	,	220	,	221	,	222	
216:	217	,	218	,	219	,	220	,	221	,	222	,	223	
217:	218	,	219	,	220	,	221	,	222	,	223	,	224	
218:	219	,	220	,	221	,	222	,	223	,	224	,	225	
219:	220	,	221	,	222	,	223	,	224	,	225	,	226	
220:	221	,	222	,	223	,	224	,	225	,	226	,	227	
221:	222	,	223	,	224	,	225	,	226	,	227	,	228	
222:	223	,	224	,	225	,	226	,	227	,	228	,	229	
223:	224	,	225	,	226	,	227	,	228	,	229	,	230	
224:	225	,	226	,	227	,	228	,	229	,	230	,	231	
225:	226	,	227	,	228	,	229	,	230	,	231	,	232	
226:	227	,	228	,	229	,	230	,	231	,	232	,	233	
227:	228	,	229	,	230	,	231	,	232	,	233	,	234	
228:	229	,	230	,	231	,	232	,	233	,	234	,	235	
229:	230	,	231	,	232	,	233	,	234	,	235	,	236	
230:	231	,	232	,	233	,	234	,	235	,	236	,	237	
231:	232	,	233	,	234	,	235	,	236	,	237	,	238	
232:	233	,	234	,	235	,	236	,	237	,	238	,	239	
233:	234	,	235	,	236	,	237	,	238	,	239	,	240	
234:	235	,	236	,	237	,	238	,	239	,	240	,	241	
235:	236	,	237	,	238	,	239	,	240	,	241	,	242	
236:	237	,	238	,	239	,	240	,	241	,	242	,	243	
237:	238	,	239	,	240	,	241	,	242	,	243	,	244	
238:	239	,	240	,	241	,	242	,	243	,	244	,	245	
239:	240	,	241	,	242	,	243	,	244	,	245	,	246	
240:	241	,	242	,	243	,	244	,	245	,	246	,	247	
241:	242	,	243	,	244	,	245	,	246	,	247	,	248	
242:	243	,	244	,	245	,	246	,	247	,	248	,	249	
243:	244	,	245	,	246	,	247	,	248	,	249	,	250	
244:	245	,	246	,	247	,	248	,	249	,	250	,	251	
245:	246	,	247	,	248	,	249	,	250	,	251	,	252	
246:	247	,	248	,	249	,	250	,	251	,	252	,	253	
247:	248	,	249	,	250	,	251	,	252	,	253	,	254	
248:	249	,	250	,	251	,	252	,	253	,	254	,	255	
249:	250	,	251	,	252	,	253	,	254	,	255	,	256	
250:	251	,	252	,	253	,	254	,	255	,	256	,	257	
251:	252	,	253	,	254	,	255	,	256	,	257	,	258	
252:	253	,	254	,	255	,	256	,	257	,	258	,	259	
253:	254	,	255	,	256	,	257	,	258	,	259	,	260	
254:	255	,	256	,	257	,	258	,	259	,	260	,	261	
255:	256	,	257	,	258	,	259	,	260	,	261	,	262	
256:	257	,	258	,	259	,	260	,	261	,	262	,	263	
257:	258	,	259	,	260	,	261	,	262	,	263	,	264	
258:	259	,	260	,	261	,	262	,	263	,	264	,	265	
259:	260	,	261	,	262	,	263	,	264	,	265	,	266	
260:	261	,	262	,	263	,	264	,	265	,	266	,	267	
261:	262	,	263	,	264	,	265	,	266	,	267	,	268	
262:	263	,	264	,	265	,	266	,	267	,	268	,	269	
263:	264	,	265	,	266	,	267	,	268	,	269	,	270	
264:	265	,	266	,	267	,	268	,	269	,	270	,	271	
265:	266	,	267	,	268	,	269	,	270	,	271	,	272	
266:	267	,	268	,	269	,	270	,	271	,	272	,	273	
267:	268	,	269	,	270	,	271	,	272	,	273	,	274	
268:	269	,	270	,	271	,	272	,	273	,	274	,	275	
269:	270	,	271	,	272	,	273	,	274	,	275	,	276	
270:	271	,	272	,	273	,	274	,	275	,	276	,	277	
271:	272	,	273	,	274	,	275	,	276	,	277	,	278	
272:	273	,	274	,	275	,	276	,	277	,	278	,	279	
273:	274	,	275	,	276	,	277	,	278	,	279	,	280	
274:	275	,	276	,	277	,	278	,	279	,	280	,	281	
275:	276	,	277	,	278	,	279	,	280	,	281	,	282	
276:	277	,	278	,	279	,	280	,	281	,	282	,	283	
277:	278	,	279	,	280	,	281	,	282	,	283	,	284	
278:	279	,	280	,	281	,	282	,	283	,	284	,	285	
279:	280	,	281	,	282	,	283	,	284	,	285	,	286	
280:	281	,	282	,	283	,	284	,	285	,	286	,	287	
281:	282	,	283	,	284	,	285	,	286	,	287	,	288	
282:	283	,	284	,	285	,	286	,	287	,	288	,	289	
283:	284	,	285	,	286	,	287	,	288	,	289	,	290	
284:	285	,	286	,	287	,	288	,	289	,	290	,	291	
285:	286	,	287	,	288	,	289	,	290	,	291	,	292	
286:	287	,	288	,	289	,	290	,	291	,	292	,	293	
287:	288	,	289	,	290	,	291	,	292	,	293	,	294	
288:	289	,	290	,	291	,	292	,	293	,	294	,	295	
289:	290	,	291	,	292	,	293	,	294	,	295	,	296	
290:	291	,	292	,	293	,	294	,	295	,	296	,	297	
291:	292	,	293	,	294	,	295	,	296	,	297	,	298	
292:	293	,	294	,	295	,	296	,	297	,	298	,	299	
293:	294	,	295	,	296	,	297	,	298	,	299	,	300	
294:	295	,	296	,	297	,	298	,	299	,	300	,	301	
295:	296	,	297	,	298	,	299	,	300	,	301	,	302	
296:	297	,	298	,	299	,	300	,	301	,	302	,	303	
297:	298	,	299	,	300	,	301	,	302	,	303	,	304	
298:	299	,	300	,	301	,	302	,	303	,	304	,	305	
299:	300	,	301	,	302	,	303	,	304	,	305	,	306	
300:	301	,	302	,	303	,	304	,	305	,	306	,	307	
301:	302	,	303	,	304	,	305	,	306	,	307	,	308	
302:	303	,	304	,	305	,	306	,	307	,	308	,	309	
303:	304	,	305	,	306	,	307	,	308	,	309	,	310	
304:	305	,	306	,	307	,	308	,	309	,	310	,	311	
305:	306	,	307	,	308	,	309	,	310	,	311	,	312	
306:	307	,	308	,	309	,	310	,	311	,	312	,	313	
307:	308	,	309	,	310	,	311	,	312	,	313	,	314	
308:	309	,	310	,	311	,	312	,	313	,	314	,	315	
309:	310	,	311	,	312	,	313	,	314	,	315	,	316	
310:	311	,	312	,	313	,	314	,	315	,	316	,	317	
311:	312	,	313	,	314	,	315	,	316	,	317	,	318	
312:	313	,	314	,	315	,	316	,	317	,	318	,	319	
313:	314	,	315	,	316	,	317	,	318	,	319	,	320	
314:	315	,	316	,	317	,	318	,	319	,	320	,	321	
315:	316	,	317	,	318	,	319	,	320	,	321	,	322	
316:	317	,	318	,	319	,	320	,	321	,	322	,	323	
317:	318	,	319	,	320	,	321	,	322	,	323	,	324	
318:	319	,	320	,	321	,	322	,	323	,	324	,	325	
319:	320	,	321	,	322	,	323	,	324	,	325	,	326	
320:	321	,	322	,	323	,	324	,	325	,	326	,	327	
321:	322	,	323	,	324	,	325	,	326	,	327	,	328	
322:	323	,	324	,	325	,	326	,	327	,	328	,	329	
323:	324	,	325	,	326	,	327	,	328	,	329	,	330	
324:	325	,	326	,	327	,	328	,	329	,	330	,	331	
325:	326	,	327	,	328	,	329	,	330	,	331	,	332	
326:	327	,	328	,	329	,	330	,	331	,	332	,	333	
327:	328	,	329	,	330	,	331	,	332	,	333	,	334	
328:	329	,	330	,	331	,	332	,	333	,	334	,	335	
329:	330	,	331	,	332	,	333	,	334	,	335	,	336	
330:	331	,	332	,	333	,	334	,	335	,	336	,	337	
331:	332	,	333	,	334	,	335	,	336	,	337	,	338	
332:	333	,	334	,	335	,	336	,	337	,	338	,	339	
333:	334	,	335	,	336	,	337	,	338	,	339	,	340	
334:	335	,	336	,	337	,	338	,	339	,	340	,	341	
335:	336	,	337	,	338	,	339	,	340	,	341	,	342	
336:	337	,	338	,	339	,	340	,	341	,	342	,	343	
337:	338	,	339	,	340	,	341	,	342	,	343	,	344	
338:	339	,	340	,	341	,	342	,	343	,	344	,	345	
339:	340	,	341	,	342	,	343	,	344	,	345	,	346	
340:	341	,	342	,	343	,	344	,	345	,	346	,	347	
341:	342	,	343	,	344	,	345	,	346	,	347	,	348	
342:	343	,	344	,	345	,	346	,	347	,	348	,	349	
343:	344	,	345	,	346	,	347	,	348	,	349	,	350	
344:	345	,	346	,	347	,	348	,	349	,	350	,	351	
345:	346	,	347	,	348	,	349	,	350	,	351	,	352	
346:	347	,	348	,	349	,	350	,	351	,	352	,	353	
347:	348	,	349	,	350	,	351	,	352	,	353	,	354	
348:	349	,	350	,	351	,	352	,	353	,	354	,	355	
349:	350	,	351	,	352	,	353	,	354	,	355	,	356	
350:	351	,	352	,	353	,	354	,	355	,	356	,	357	
351:	352	,	353	,	354	,	355	,	356	,	357	,	358	
352:	353	,	354	,	355	,	356	,	357	,	358	,	359	
353:	354	,	355	,	356	,	357	,	358	,	359	,	360	
354:	355	,	356	,	357	,	358	,	359	,	360	,	361	
355:	356	,	357	,	358	,	359	,	360	,	361	,	362	
356:	357	,	358	,	359	,	360	,	361	,	362	,	363	
357:	358	,	359	,	360	,	361	,	362	,	363	,	364	
358:	359	,	360	,	361	,	362	,	363	,	364	,	365	
359:	360	,	361	,	362	,	363	,	364	,	365	,	366	
360:	361	,	362	,	363	,	364	,	365	,	366	,	367	
361:	362	,	363	,	364	,	365	,	366	,	367	,	368	
362:	363	,	364	,	365	,	366	,	367	,	368	,	369	
363:	364	,	365	,	366	,	367	,	368	,	369	,	370	
364:	365	,	366	,	367	,	368	,	369	,	370	,	371	
365:	366	,	367	,	368	,	369	,	370	,	371	,	372	
366:	367	,	368	,	369	,	370	,	371	,	372	,	373	
367:	368	,	369	,	370	,	371	,	372	,	373	,	374	
368:	369	,	370	,	371	,	372	,	373	,	374	,	375	
369:	370	,	371	,	372	,	373	,	374	,	375	,	376	
370:	371	,	372	,	373	,	374	,	375	,	376	,	377	
371:	372	,	373	,	374	,	375	,	376	,	377	,	378	
372:	373	,	374	,	375	,	376	,	377	,	378	,	379	
373:	374	,	375	,	376	,	377	,	378	,	379	,	380	
374:	375	,	376	,	377	,	378	,	379	,	380	,	381	
375:	376	,	377	,	378	,	379	,	380	,	381	,	382	
376:	377	,	378	,	379	,	380	,	381	,	382	,	383	
377:	378	,	379	,	380	,	381	,	382	,	383	,	384	
378:	379	,	380	,	381	,	382	,	383	,	384	,	385	
379:	380	,	381	,	382	,	383	,	384	,	385	,	386	
380:	381	,	382	,	383	,	384	,	385	,	386	,	387	
381:	382	,	383	,	384	,	385	,	386	,	387	,	388	
382:	383	,	384	,	385	,	386	,	387	,	388	,	389	
383:	384	,	385	,	386	,	387	,	388	,	389	,	390	
384:	385	,	386	,	387	,	388	,	389	,	390	,	391	
385:	386	,	387	,	388	,	389	,	390	,	391	,	392	
386:	387	,	388	,	389	,	390	,	391	,	392	,	393	
387:	388	,	389	,	390	,	391	,	392	,	393	,	394	
388:	389	,	390	,	391	,	392	,	393	,	394	,	395	
389:	390	,	391	,	392	,	393	,	394	,	395	,	396	
390:	391	,	392	,	393	,	394	,	395	,	396	,	397	
391:	392	,	393	,	394	,	395	,	396	,	397	,	398	
392:	393	,	394	,	395	,	396	,	397	,	398	,	399	
393:	394	,	395	,	396	,	397	,	398	,	399	,	400	
394:	395	,	396	,	397	,	398	,	399	,	400	,	401	
395:	396	,	397	,	398	,	399	,	400	,	401	,	402	
396:	397	,	398	,	399	,	400	,	401	,	402	,	403	
397:	398	,	399	,	400	,	401	,	402	,	403	,	404	
398:	399	,	400	,	401	,	402	,	403	,	404	,	405	
399:	400	,	401	,	402	,	403	,	404	,	405	,	406	
400:	401	,	402	,	403	,	404	,	405	,	406	,	407	
401:	402	,	403	,	404	,	405	,	406	,	407	,	408	
402:	403	,	404	,	405	,	406	,	407	,	408	,	409	
403:	404	,	405	,	406	,	407	,	408	,	409	,	410	
404:	405	,	406	,	407	,	408	,	409	,	410	,	411	
405:	406	,	407	,	408	,	409	,	410	,	411	,	412	
406:	407	,	408	,	409	,	410	,	411	,	412	,	413	
407:	408	,	409	,	410	,	411	,	412	,	413	,	414	
408:	409	,	410	,	411	,	412	,	413	,	414	,	415	
409:	410	,	411	,	412	,	413	,	414	,	415	,	416	
410:	411	,	412	,	413	,	414	,	415	,	416	,	417	
411:	412	,	413	,	414	,	415	,	416	,	417	,	418	
412:	413	,	414	,	415	,	416	,	417	,	418	,	419	
413:	414	,	415	,	416	,	417	,	418	,	419	,	420	
414:	415	,	416	,	417	,	418	,	419	,	420	,	421	
415:	416	,	417	,	418	,	419	,	420	,	421	,	422	
416:	417	,	418	,	419	,	420	,	421	,	422	,	423	
417:	418	,	419	,	420	,	421	,	422	,	423	,	424	
418:	419	,	420	,	421	,	422	,	423	,	424	,	425	
419:	420	,	421	,	422	,	423	,	424	,	425	,	426	
420:	421	,	422	,	423	,	424	,	425	,	426	,	427	
421:	422	,	423	,	424	,	425	,	426	,	427	,	428	
422:	423	,	424	,	425	,	426	,	427	,	428	,	429	
423:	424	,	425	,	426	,	427	,	428	,	429	,	430	
424:	425	,	426	,	427	,	428	,	429	,	430	,	431	
425:	426	,	427	,	428	,	429	,	430	,	431	,	432	
426:	427	,	428	,	429	,	430	,	431	,	432	,	433	
427:	428	,	429	,	430	,	431	,	432	,	433	,	434	
428:	429	,	430	,	431	,	432	,	433	,	434	,	435	
429:	430	,	431	,	432	,	433	,	434	,	435	,	436	
430:	431	,	432	,	433	,	434	,	435	,	436	,	437	
431:	432	,	433	,	434	,	435	,	436	,	437	,	438	
432:	433	,	434	,	435	,	436	,	437	,	438	,	439	
433:	434	,	435	,	436	,	437	,	438	,	439	,	440	
434:	435	,	436	,	437	,	438	,	439	,	440	,	441	
435:	436	,	437	,	438	,	439	,	440	,	441	,	442	
436:	437	,	438	,	439	,	440	,	441	,	442	,	443	
437:	438	,	439	,	440	,	441	,	442	,	443	,	444	
438:	439	,	440	,	441	,	442	,	443	,	444	,	445	
439:	440	,	441	,	442	,	443	,	444	,	445	,	446	
440:	441	,	442	,	443	,	444	,	445	,	446	,	447	
441:	442	,	443	,	444	,	445	,	446	,	447	,	448	
442:	443	,	444	,	445	,	446	,	447	,	448	,	449	
443:	444	,	445	,	446	,	447	,	448	,	449	,	450	
444:	445	,	446	,	447	,	448	,	449	,	450	,	451	
445:	446	,	447	,	448	,	449	,	450	,	451	,	452	
446:	447	,	448	,	449	,	450	,	451	,	452	,	453	
447:	448	,	449	,	450	,	451	,	452	,	453	,	454	
448:	449	,	450	,	451	,	452	,	453	,	454	,	455	
449:	450	,	451	,	452	,	453	,	454	,	455	,	456	
450:	451	,	452	,	453	,	454	,	455	,	456	,	457	
451:	452	,	453	,	454	,	455	,	456	,	457	,	458	
452:	453	,	454	,	455	,	456	,	457	,	458	,	459	
453:	454	,	455	,	456	,	457	,	458	,	459	,	460	
454:	455	,	456	,	457	,	458	,	459	,	460	,	461	
455:	456	,	457	,	458	,	459	,	460	,	461	,	462	
456:	457	,	458	,	459	,	460	,	461	,	462	,	463	
457:	458	,	459	,	460	,	461	,	462	,	463	,	464	
458:	459	,	460	,	461	,	462	,	463	,	464	,	465	
459:	460	,	461	,	462	,	463	,	464	,	465	,	466	
460:	461	,	462	,	463	,	464	,	465	,	466	,	467	
461:	462	,	463	,	464	,	465	,	466	,	467	,	468	
462:	463	,	464	,	465	,	466	,	467	,	468	,	469	
463:	464	,	465	,	466	,	467	,	468	,	469	,	470	
464:	465	,	466	,	467	,	468	,	469	,	470	,	471	
465:	466	,	467	,	468	,	469	,	470	,	471	,	472	
466:	467	,	468	,	469	,	470	,	471	,	472	,	473	
467:	468	,	469	,	470	,	471	,	472	,	473	,	474	
468:	469	,	470	,	471	,	472	,	473	,	474	,	475	
469:	470	,	471	,	472	,	473	,	474	,	475	,	476	
470:	471	,	472	,	473	,	474	,	475	,	476	,	477	
471:	472	,	473	,	474	,	475	,	476	,	477	,	478	
472:	473	,	474	,	475	,	476	,	477	,	478	,	479	
473:	474	,	475	,	476	,	477	,	478	,	479	,	480	
474:	475	,	476	,	477	,	478	,	479	,	480	,	481	
475:	476	,	477	,	478	,	479	,	480	,	481	,	482	
476:	477	,	478	,	479	,	480	,	481	,	482	,	483	
477:	478	,	479	,	480	,	481	,	482	,	483	,	484	
478:	479	,	480	,	481	,	482	,	483	,	484	,	485	
479:	480	,	481	,	482	,	483	,	484	,	485	,	486	
480:	481	,	482	,	483	,	484	,	485	,	486	,	487	
481:	482	,	483	,	484	,	485	,	486	,	487	,	488	
482:	483	,	484	,	485	,	486	,	487	,	488	,	489	
483:	484	,	485	,	486	,	487	,	488	,	489	,	490	
484:	485	,	486	,	487	,	488	,	489	,	490	,	491	
485:	486	,	487	,	488	,	489	,	490	,	491	,	492	
486:	487	,	488	,	489	,	490	,	491	,	492	,	493	
487:	488	,	489	,	490	,	491	,	492	,	493	,	494	
488:	489	,	490	,	491	,	492	,	493	,	494	,	495	
489:	490	,	491	,	492	,	493	,	494	,	495	,	496	
490:	491	,	492	,	493	,	494	,	495	,	496	,	497	
491:	492	,	493	,	494	,	495	,	496	,	497	,	498	
492:	493	,	494	,	495	,	496	,	497	,	498	,	499	
493:	494	,	495	,	496	,	497	,	498	,	499	,	500	
494:	495	,	496	,	497	,	498	,	499	,	500	,	501	
495:	496	,	497	,	498	,	499	,	500	,	501	,	502	
496:	497	,	498	,	499	,	500	,	501	,	502	,	503	
497:	498	,	499	,	500	,	501	,	502	,	503	,	504	
498:	499	,	500	,	501	,	502	,	503	,	504	,	505	
499:	500	,	501	,	502	,	503	,	504	,	505	,	506	
500:	501	,	502	,	503	,	504	,	505	,	506	,	507	
501:	502	,	503	,	504	,	505	,	506	,	507	,	508	
502:	503	,	504	,	505	,	506	,	507	,	508	,	509	
503:	504	,	505	,	506	,	507	,	508	,	509	,	510	
504:	505	,	506	,	507	,	508	,	509	,	510	,	511	
505:	506	,	507	,	508	,	509	,	510	,	511	,	512	
506:	507	,	508	,	509	,	510	,	511	,	512	,	513	
507:	508	,	509	,	510	,	511	,	512	,	513	,	514	
508:	509	,	510	,	511	,	512	,	513	,	514	,	515	
509:	510	,	511	,	512	,	513	,	514	,	515	,	516	
510:	511	,	512	,	513	,	514	,	515	,	516	,	517	
511:	512	,	513	,	514	,	515	,	516	,	517	,	518	
512:	513	,	514	,	515	,	516	,	517	,	518	,	519	
513:	514	,	515	,	516	,	517	,	518	,	519	,	520	
514:	515	,	516	,	517	,	518	,	519	,	520	,	521	
515:	516	,	517	,	518	,	519	,	520	,	521	,	522	
516:	517	,	518	,	519	,	520	,	521	,	522	,	523	
517:	518	,	519	,	520	,	521	,	522	,	523	,	524	
518:	519	,	520	,	521	,	522	,	523	,	524	,	525	
519:	520	,	521	,	522	,	523	,	524	,	525	,	526	
520:	521	,	522	,	523	,	524	,	525	,	526	,	527	
521:	522	,	523	,	524	,	525	,	526	,	527	,	528	
522:	523	,	524	,	525	,	526	,	527	,	528	,	529	
523:	524	,	525	,	526	,	527	,	528	,	529	,	530	
524:	525	,	526	,	527	,	528	,	529	,	530	,	531	
525:	526	,	527	,	528	,	529	,	530	,	531	,	532	
526:	527	,	528	,	529	,	530	,	531	,	532	,	533	
527:	528	,	529	,	530	,	531	,	532	,	533	,	534	
528:	529	,	530	,	531	,	532	,	533	,	534	,	535	
529:	530	,	531	,	532	,	533	,	534	,	535	,	536	
530:	531	,	532	,	533	,	534	,	535	,	536	,	537	
531:	532	,	533	,	534	,	535	,	536	,	537	,	538	
532:	533	,	534	,	535	,	536	,	537	,	538	,	539	
533:	534	,	535	,	536	,	537	,	538	,	539	,	540	
534:	535	,	536	,	537	,	538	,	539	,	540	,	541	
535:	536	,	537	,	538	,	539	,	540	,	541	,	542	
536:	537	,	538	,	539	,	540	,	541	,	542	,	543	
537:	538	,	539	,	540	,	541	,	542	,	543	,	544	
538:	539	,	540	,	541	,	542	,	543	,	544	,	545	
539:	540	,	541	,	542	,	543	,	544	,	545	,	546	
540:	541	,	542	,	543	,	544	,	545	,	546	,	547	
541:	542	,	543	,	544	,	545	,	546	,	547	,	548	
542:	543	,	544	,	545	,	546	,	547	,	548	,	549	
543:	544	,	545	,	546	,	547	,	548	,	549	,	550	
544:	545	,	546	,	547	,	548	,	549	,	550	,	551	
545:	546	,	547	,	548	,	549	,	550	,	551	,	552	
546:	547	,	548	,	549	,	550	,	551	,	552	,	553	
547:	548	,	549	,	550	,	551	,	552	,	553	,	554	
548:	549	,	550	,	551	,	552	,	553	,	554	,	555	
549:	550	,	551	,	552	,	553	,	554	,	555	,	556	
550:	551	,	552	,	553	,	554	,	555	,	556	,	557	
551:	552	,	553	,	554	,	555	,	556	,	557	,	558	
552:	553	,	554	,	555	,	556	,	557	,	558	,	559	
553:	554	,	555	,	556	,	557	,	558	,	559	,	560	
554:	555	,	556	,	557	,	558	,	559	,	560	,	561	
555:	556	,	557	,	558	,	559	,	560	,	561	,	562	
556:	557	,	558	,	559	,	560	,	561	,	562	,	563	
557:	558	,	559	,	560	,	561	,	562	,	563	,	564	
558:	559	,	560	,	561	,	562	,	563	,	564	,	565	
559:	560	,	561	,	562	,	563	,	564	,	565	,	566	
560:	561	,	562	,	563	,	564	,	565	,	566	,	567	
561:	562	,	563	,	564	,	565	,	566	,	567	,	568	
562:	563	,	564	,	565	,	566	,	567	,	568	,	569	
563:	564	,	565	,	566	,	567	,	568	,	569	,	570	
564:	565	,	566	,	567	,	568	,	569	,	570	,	571	
565:	566	,	567	,	568	,	569	,	570	,	571	,	572	
566:	567	,	568	,	569	,	570	,	571	,	572	,	573	
567:	568	,	569	,	570	,	571	,	572	,	573	,	574	
568:	569	,	570	,	571	,	572	,	573	,	574	,	575	
569:	570	,	571	,	572	,	573	,	574	,	575	,	576	
570:	571	,	572	,	573	,	574	,	575	,	576	,	577	
571:	572	,	573	,	574	,	575	,	576	,	577	,	578	
572:	573	,	574	,	575	,	576	,	577	,	578	,	579	
573:	574	,	575	,	576	,	577	,	578	,	579	,	580	
574:	575	,	576	,	577	,	578	,	579	,	580	,	581	
575:	576	,	577	,	578	,	579	,	580	,	581	,	582	
576:	577	,	578	,	579	,	580	,	581	,	582	,	583	
577:	578	,	579	,	580	,	581	,	582	,	583	,	584	
578:	579	,	580	,	581	,	582	,	583	,	584	,	585	
579:	580	,	581	,	582	,	583	,	584	,	585	,	586	
580:	581	,	582	,	583	,	584	,	585	,	586	,	587	
581:	582	,	583	,	584	,	585	,	586	,	587	,	588	
582:	583	,	584	,	585	,	586	,	587	,	588	,	589	
583:	584	,	585	,	586	,	587	,	588	,	589	,	590	
584:	585	,	586	,	587	,	588	,	589	,	590	,	591	
585:	586	,	587	,	588	,	589	,	590	,	591	,	592	
586:	587	,	588	,	589	,	590	,	591	,	592	,	593	
587:	588	,	589	,	590	,	591	,	592	,	593	,	594	
588:	589	,	590	,	591	,	592	,	593	,	594	,	595	
589:	590	,	591	,	592	,	593	,	594	,	595	,	596	
590:	591	,	592	,	593	,	594	,	595	,	596	,	597	
591:	592	,	593	,	594	,	595	,	596	,	597	,	598	
592:	593	,	594	,	595	,	596	,	597	,	598	,	599	
593:	594	,	595	,	596	,	597	,	598	,	599	,	600	

